0 0.16915859132548777 0.12123197903014418 0.3084106913669114 0.23460026212319793
0 0.4981299954501932 0.12188728702490172 0.3420554940614835 0.23328964613368286
0 0.8252322438696447 0.12188728702490172 0.30467237995640345 0.23328964613368286
0 0.19158845978853584 0.3597640891218873 0.3383171826509755 0.22935779816513763
0 0.5411205766710354 0.3577981651376147 0.3495321168824995 0.23066841415465272
0 0.8495312680379468 0.35648754914809966 0.25607433161979926 0.23066841415465267
0 0.1588782349465907 0.5943643512450852 0.2691584215565772 0.22935779816513757
0 0.4841113276607881 0.5910878112712975 0.3738311410508017 0.23591087811271294
0 0.8280359774275258 0.5904325032765401 0.3028032242511493 0.22673656618610757
0 0.1747660584412498 0.8296199213630407 0.3084106913669114 0.23328964613368286
0 0.49065337262917724 0.826343381389253 0.31214900277741947 0.2398427260812582
0 0.8168210431960017 0.8256880733944953 0.3252330927141973 0.2254259501965923
