0 0.15339098694275627 0.12319790301441678 0.2805932687977249 0.2306684141546527
0 0.48262042233208674 0.12385321100917432 0.37412435839696656 0.22935779816513763
0 0.8277501429532883 0.1251638269986894 0.312393839261467 0.23197903014416776
0 0.18238562471852116 0.36041939711664484 0.334841300765285 0.2280471821756226
0 0.46578482620422335 0.3610747051114023 0.22821585862214952 0.22935779816513763
0 0.7819199090496599 0.35910878112712974 0.4003130634847541 0.2332896461336828
0 0.3385825443492547 0.5937090432503277 0.647235140026752 0.23328964613368292
0 0.8249442102653112 0.5950196592398428 0.31052321746948225 0.23066841415465278
0 0.17116189396661216 0.8342070773263434 0.323617570013376 0.2398427260812582
0 0.6603294925706459 0.8348623853211009 0.6434938964427823 0.23853211009174316
