0 0.33944783475316725 0.12647444298820443 0.648806110747051 0.23197903014416774
0 0.8227613723241589 0.1231979030144168 0.3178209643949323 0.235910878112713
0 0.1852388461118392 0.3623853211009175 0.3403881334643949 0.23460026212319793
0 0.5143433950415027 0.3617300131061599 0.3027761850152904 0.2280471821756225
0 0.8237016710353865 0.3617300131061599 0.30465678243774574 0.2254259501965924
0 0.15985078090869373 0.597640891218873 0.28585080821319353 0.22542595019659253
0 0.4870747324159021 0.5963302752293578 0.36107470511140227 0.2306684141546526
0 0.8237016710353865 0.5937090432503277 0.3008955875928352 0.22542595019659245
0 0.19840302806902574 0.8309305373525558 0.366716497378768 0.23066841415465278
0 0.5228060834425513 0.8276539973787681 0.2820896133682831 0.23460026212319776
0 0.8246419697466141 0.8315858453473132 0.31029857470511146 0.2346002621231979
