0 0.1281127129750983 0.12385321100917432 0.24137177806902577 0.23460026212319793
0 0.3119266055045871 0.1218872870249017 0.11882918304936652 0.23853211009174313
0 0.48088685015290517 0.12057667103538662 0.21166448230668408 0.23591087811271297
0 0.780744866754041 0.12385321100917432 0.3806247269550022 0.22935779816513763
0 0.17453036260375712 0.3617300131061599 0.3119266055045872 0.2332896461336828
0 0.49202710206696104 0.36107471412778686 0.3082131935342945 0.237221494102228
0 0.80673875054609 0.3591087811271298 0.3360637833114897 0.2280471821756226
0 0.1503931847968545 0.5956749672346002 0.27107907383136737 0.23197903014416765
0 0.4743883792048929 0.5950196592398427 0.3731979030144168 0.23328964613368278
0 0.8215923984272606 0.5950196592398427 0.31378331148973343 0.235910878112713
0 0.18659895150720834 0.8335517693315859 0.33606378331148967 0.23328964613368286
0 0.6674858016601135 0.8328964613368283 0.6219965050240278 0.23197903014416782
