0 0.15032151048492792 0.12975098296199214 0.27417130843162957 0.2332896461336828
0 0.4500191131498471 0.12712975098296198 0.3176605504587156 0.2332896461336828
0 0.799823885976409 0.12712975098296198 0.3706039755351683 0.2332896461336828
0 0.15221234709480125 0.36369593709043246 0.27417130843162957 0.22411533420707733
0 0.44245576671035386 0.3617300131061599 0.3063155307994757 0.23066841415465272
0 0.7922605395369158 0.36238532110091737 0.38194899519440795 0.23197903014416776
0 0.17301154165473068 0.5950196547316505 0.3157696975514885 0.2280471731592385
0 0.4878358453473133 0.5969855832241154 0.3063155307994758 0.22673656618610757
0 0.8168414154652686 0.5950196592398428 0.3365689165574487 0.23066841415465278
0 0.17301155795208448 0.8283092963571411 0.3119880406290957 0.23328964613368286
0 0.45569162297946697 0.8315858453473132 0.2533721057230231 0.2293577981651377
0 0.7875334480122325 0.8302752293577982 0.3951848514635212 0.2241153342070774
