0 0.49799359366856094 0.12057667103538665 0.9659762739710316 0.22280471821756226
0 0.3310578880696836 0.35648754914809966 0.6321048627732769 0.2280471821756226
0 0.8140460250551993 0.3551769331585845 0.33012004702699344 0.22542595019659242
0 0.1763141160257805 0.5923984272608126 0.3151145903439481 0.2254259501965923
0 0.4304690385948578 0.5897771952817824 0.1931952547942064 0.2306684141546526
0 0.6058453135779479 0.5917431192660552 0.15380593100121273 0.22935779816513766
0 0.8318650048663155 0.5878112712975099 0.2944820874047612 0.23197903014416787
0 0.11535444825090961 0.8256880733944953 0.19319525479420632 0.2254259501965923
0 0.3892040327164835 0.8237221494102228 0.34700118579541905 0.22935779816513757
0 0.7755945423048962 0.8230668414154653 0.4145257408691222 0.2254259501965923
