0 0.14293779614880534 0.12844036697247707 0.27092784890950034 0.22542595019659242
0 0.4699196827637195 0.1290956749672346 0.3680881809322176 0.22935779816513763
0 0.8174547165372854 0.12385321100917432 0.3232449507678865 0.22935779816513763
0 0.7987700373021474 0.35910878112712974 0.35314043754410723 0.2332896461336828
0 0.4858016601135868 0.36238532110091737 0.26905938098598653 0.23197903014416776
0 0.25130893571260543 0.3643512450851901 0.18497832442786571 0.2306684141546527
0 0.08688375844339148 0.3650065530799476 0.15134590180461743 0.23197903014416774
0 0.12425311691366739 0.601572739187418 0.2036630036630037 0.23328964613368278
0 0.3540746715058642 0.5982961992136304 0.26345397721544517 0.23197903014416774
0 0.5951070336391437 0.5956749672346003 0.22234768289814155 0.2293577981651377
0 0.8436132674664785 0.5956749672346002 0.28213865645058306 0.23197903014416765
0 0.9090096447894613 0.8328964613368284 0.14013509426353465 0.2267365661861075
0 0.7230970863998388 0.8328964613368283 0.22421615082165552 0.2293577981651377
0 0.4979467177209817 0.8335517603152013 0.22982155459219683 0.23328964613368286
0 0.20366300366300366 0.8368283093053734 0.35874584131464865 0.2267365661861075
