0 0.15376966556520946 0.1251638269986894 0.28890058378918143 0.22411533420707733
0 0.48740324297336085 0.12254259501965924 0.3783665710271214 0.23197903014416776
0 0.8284923193180073 0.12319790301441678 0.3038115816621715 0.23853211009174313
0 0.17986391184294198 0.3610747051114023 0.3410890763446464 0.23197903014416776
0 0.4892671177074847 0.3610747051114023 0.2665340869796964 0.2372214941022281
0 0.800534198306151 0.3584534731323722 0.3485445752811414 0.23197903014416776
0 0.17706809974175633 0.5956749672346002 0.32431420373753267 0.23460026212319796
0 0.5041781155804747 0.5950196592398427 0.3187225795351613 0.22804718217562253
0 0.8210368203815122 0.5950196592398427 0.307539331130419 0.22804718217562253
0 0.17893197447588008 0.8322411533420708 0.32804195320578017 0.22804718217562267
0 0.4995184287451653 0.8283093053735254 0.3056754563962951 0.23328964613368286
0 0.815445196179141 0.8283093053735255 0.3149948300669141 0.2306684141546526
