0 0.19319525479420627 0.12385321100917432 0.3488768678807997 0.22935779816513763
0 0.518626096607748 0.12123197903014418 0.2907307232339998 0.23197903014416776
0 0.8262379586101736 0.11861074705111402 0.31699027242932887 0.22935779816513763
0 0.1819411622819225 0.3591087811271298 0.32261731868547083 0.2306684141546527
0 0.5054963220100835 0.35714285714285715 0.32074163660009 0.2346002621231979
0 0.8281136406955543 0.35648754914809966 0.3132389082585675 0.23591087811271297
0 0.1725627518550192 0.5930537352555701 0.3038604978316643 0.2267365661861075
0 0.40702301252759965 0.59043250327654 0.16130865934273536 0.22935779816513757
0 0.5702073539557158 0.5937090432503277 0.15380593100121281 0.22542595019659245
0 0.8206109123540315 0.5917431192660549 0.3357470932831352 0.22673656618610744
0 0.17537627498309016 0.8256880733944953 0.3207416366000901 0.22804718217562267
0 0.5045584809673932 0.8269986893840106 0.3226173186854706 0.23328964613368272
0 0.8281136406955543 0.8276539973787681 0.3132389082585675 0.23460026212319776
