0 0.1382239105504587 0.12450851900393185 0.2576418468763652 0.2306684141546527
0 0.46356726463521186 0.12385321100917432 0.3892836664482306 0.22935779816513763
0 0.8218210736129313 0.12385321100917432 0.315940366972477 0.22935779816513763
0 0.17301496286588025 0.3610747051114023 0.32346275666229785 0.23197903014416776
0 0.48707473241590216 0.3591087811271298 0.2971343927479249 0.23591087811271297
0 0.8077165929445173 0.3591087811271298 0.34038813346439495 0.2280471821756226
0 0.14104480668414154 0.5943643512450852 0.25576124945391 0.22935779816513757
0 0.46638816076889467 0.5923984272608126 0.3911642638706858 0.2306684141546527
0 0.8218210736129313 0.5969855832241153 0.31217917212756674 0.23197903014416782
0 0.17113436544342506 0.8302752293577982 0.315940366972477 0.2267365661861075
0 0.6572687991480995 0.8302752293577982 0.6412837210572303 0.2267365661861075
