0 0.2819630675135262 0.12975098296199214 0.5339499949591692 0.22804718217562253
0 0.6547913096078233 0.127129750982962 0.20795947172093968 0.2306684141546527
0 0.8664977988372483 0.12778505897771952 0.20795947172093976 0.22935779816513763
0 0.1704892966360856 0.36304062909567497 0.3259905232382296 0.22804718217562253
0 0.5002268373828006 0.3617300131061599 0.329737540746715 0.23066841415465272
0 0.8187233256040594 0.36041939711664484 0.30725543569580266 0.2280471821756226
0 0.16955254225896424 0.5956749672346002 0.3166229794670161 0.21887287024901694
0 0.45807289041233984 0.5976408912188729 0.2529236818227644 0.23328964613368286
0 0.7812531505192055 0.5963302752293579 0.3896898208824815 0.22804718217562261
0 0.14144991094532378 0.8289646133682831 0.25292368182276437 0.23460026212319804
0 0.4665036798064321 0.8302752293577982 0.3896898208824815 0.22935779816513757
0 0.8205968343583021 0.8276539973787681 0.3184964882212587 0.23197903014416782
