0 0.186810851293158 0.12385321100917432 0.3327277848903013 0.23722149410222804
0 0.5148916000816394 0.1251638269986894 0.3122808260422939 0.23722149410222804
0 0.8318194622257532 0.12254259501965926 0.3141396404830218 0.23460026212319793
0 0.18681085129315797 0.3597640891218873 0.32901015600884537 0.22935779816513763
0 0.5055975278779996 0.36041939711664484 0.3122808260422939 0.23066841415465267
0 0.8281018333442972 0.3617300131061599 0.3141396404830219 0.2280471821756225
0 0.13476404695277566 0.5963302752293579 0.2211989184466249 0.23328964613368286
0 0.36432763038267624 0.5976408912188729 0.21934010400589693 0.23591087811271294
0 0.5808795127274813 0.5976408912188729 0.20261077403934544 0.23328964613368286
0 0.835537091107209 0.5969855832241153 0.2955514960757424 0.22935779816513752
0 0.19238729461534182 0.8342070773263432 0.34388067153466895 0.23197903014416782
0 0.5251150795056431 0.8328964613368283 0.3215748982459337 0.2293577981651377
0 0.8411135344293929 0.8328964613368284 0.2955514960757424 0.2267365661861075
