0 0.1895145601245085 0.12254259501965924 0.3488576479903888 0.23197903014416776
0 0.5091435943643513 0.12254259501965924 0.29040042048929665 0.23197903014416776
0 0.8240583360637834 0.12319790301441678 0.33188619484491055 0.22804718217562253
0 0.18102883355176932 0.3617300131061599 0.33188619484491044 0.23066841415465272
0 0.5364864910987331 0.3591087811271298 0.3828005542813456 0.22280471821756226
0 0.8561155253385759 0.3584534731323722 0.2602289482306685 0.22673656618610746
0 0.1734859654871123 0.5969855832241154 0.3092575906509393 0.22673656618610757
0 0.49405785823503723 0.5930537352555701 0.32434332678025335 0.23197903014416774
0 0.8202869020314548 0.5943643512450852 0.32434332678025357 0.2267365661861075
0 0.8155726094910443 0.8296199213630407 0.3300004778287462 0.23328964613368286
0 0.4921721412188729 0.8315858453473132 0.3130290246832679 0.2293577981651377
0 0.17065738996286592 0.8289646133682831 0.32622904379641765 0.2398427260812582
