0 0.1645050780044227 0.1251638269986894 0.30670438272011014 0.2267365661861075
0 0.49258582679290414 0.12319790301441678 0.33458659933102924 0.2306684141546527
0 0.8206665755813856 0.12385321100917432 0.3104220116015661 0.22935779816513763
0 0.1765873718691543 0.36238532110091737 0.3271513415681174 0.22673656618610744
0 0.6626673481195107 0.36304062909567497 0.6375733531696836 0.2332896461336829
0 0.3345865993310293 0.598951507208388 0.6431497964918674 0.23591087811271294
0 0.8215959828017495 0.6009174311926606 0.31599845492374984 0.23460026212319782
0 0.17286974298769842 0.8368283093053737 0.31599845492374984 0.23197903014416782
0 0.4767859040467166 0.836173001310616 0.2769633516684631 0.23328964613368286
0 0.8020784311741062 0.836173001310616 0.35875118706049247 0.23328964613368286
