0 0.17443843394039987 0.12450851900393184 0.33012004702699327 0.22804718217562253
0 0.46704483925978024 0.1251638269986894 0.25134139944100625 0.2267365661861075
0 0.7887243169025606 0.12581913499344693 0.384514827503032 0.22542595019659242
0 0.8253001175674832 0.3591087811271298 0.31136322617318685 0.2306684141546527
0 0.5064341630527739 0.3591087811271298 0.32636868285623194 0.2306684141546527
0 0.17912763915385146 0.3591087811271298 0.32449300077085136 0.2306684141546527
0 0.21195207564801272 0.5963302752293578 0.4126500587837416 0.2306684141546526
0 0.5392585995469351 0.5930537352555701 0.241962989014103 0.23197903014416774
0 0.8224865944394122 0.5950196592398428 0.3207416366000901 0.23066841415465278
0 0.8403055742505284 0.8315858453473132 0.2738495844655739 0.2293577981651377
0 0.5139368913942964 0.8296199213630406 0.3788877812468902 0.23591087811271308
0 0.16787354664156762 0.8315858453473132 0.3094875440878062 0.2293577981651377
