0 0.17034983365258594 0.127129750982962 0.30346473098766674 0.2306684141546527
0 0.37979635043855225 0.12319790301441678 0.12287528984776692 0.22804718217562253
0 0.5799341331451423 0.12647444298820443 0.2736767819336627 0.23197903014416774
0 0.8470948012232415 0.1258191349934469 0.24947407332728433 0.2332896461336828
0 0.17872769432402458 0.36041939711664484 0.32394394596229453 0.23591087811271297
0 0.44402661558624856 0.3610747051114023 0.21037739019390386 0.23197903014416776
0 0.6339247908055247 0.36041939711664484 0.17686594750814932 0.23066841415465267
0 0.8498874214470544 0.3597640891218873 0.25878280740666054 0.22935779816513763
0 0.17686594750814932 0.5969855832241153 0.3164969586987935 0.2346002621231979
0 0.4244782740195584 0.5937090432503276 0.16755721342877308 0.23591087811271294
0 0.6264778035420236 0.5976408912188729 0.2252713647209059 0.23328964613368286
0 0.8591961555264307 0.5950196592398427 0.23644184561615758 0.23328964613368278
0 0.1824511879557751 0.8315858453473132 0.3351144268575461 0.23197903014416782
0 0.49336290620694284 0.8302752293577982 0.2941559969082903 0.23197903014416782
0 0.8135833585374869 0.8315858453473132 0.3388379204892966 0.2293577981651377
