0 0.1622465003854257 0.12778505897771952 0.2907307232339998 0.2267365661861075
0 0.5008071167966318 0.1251638269986894 0.38263914541765126 0.2267365661861075
0 0.839367733207838 0.1258191349934469 0.28322799489247713 0.2332896461336828
0 0.19413309583689664 0.3617300131061599 0.358255278307703 0.2280471821756225
0 0.5486370099738384 0.35910878112712974 0.34700118579541905 0.2332896461336828
0 0.8543731898908834 0.36041939711664484 0.24946571735562556 0.23066841415465267
0 0.8262379586101736 0.5969855832241153 0.30573617991704494 0.22935779816513752
0 0.4933043884551093 0.5956749672346002 0.3563795962223223 0.23197903014416765
0 0.15755729517197406 0.5956749672346003 0.30010913366090297 0.2293577981651377
0 0.16787354664156762 0.8335517693315859 0.31699027242932876 0.23328964613368286
0 0.48955302428434805 0.8328964613368283 0.3151145903439482 0.23197903014416782
0 0.81592170714058 0.8342070773263432 0.3263686828562321 0.2346002621231979
