0 0.12036751224169312 0.12254259501965924 0.19183572263519838 0.22673656618610746
0 0.3112628636875032 0.12385321100917432 0.17867052598376315 0.22935779816513763
0 0.5369519491406778 0.12385321100917432 0.26142319064992714 0.22935779816513763
0 0.7720447383825595 0.12647444298820448 0.18619349549886904 0.22673656618610752
0 0.9272059927367922 0.12844036697247707 0.11284454272658735 0.22804718217562253
0 0.08369303585555223 0.3551769331585845 0.12977122413557537 0.22542595019659242
0 0.24073502448338624 0.3584534731323722 0.16926681408988092 0.23197903014416776
0 0.47864893539860776 0.35910878112712974 0.3027995229830093 0.2332896461336828
0 0.8087192228738754 0.3617300131061599 0.3460565976948677 0.23066841415465272
0 0.15328050387028105 0.59043250327654 0.28023061443769176 0.23197903014416782
0 0.48052967777738415 0.5963302752293578 0.3554603095887498 0.2306684141546526
0 0.8228247907146988 0.5976408912188729 0.310322492498115 0.23328964613368286
0 0.18055126836253965 0.825032765399738 0.33477214342220896 0.22935779816513757
0 0.5012178439439252 0.8283093053735255 0.2952765534679035 0.22280471821756237
0 0.8171825635783695 0.8302752293577982 0.3253684315283266 0.2241153342070774
