0 0.1780000371088182 0.12581913499344693 0.3261780784716564 0.2280471821756226
0 0.5041781155804747 0.12450851900393184 0.3187225795351613 0.22804718217562253
0 0.8247645698497599 0.12254259501965924 0.3149948300669141 0.22673656618610746
0 0.18545553604531326 0.3597640891218873 0.33363357740815147 0.23197903014416774
0 0.5069739276816603 0.3591087811271298 0.3131309553327901 0.2306684141546527
0 0.8275603819509453 0.3577981651376147 0.3205864542692852 0.2332896461336828
0 0.1565654776663951 0.5950196592398427 0.27585346065031513 0.235910878112713
0 0.48181161877098966 0.5937090432503277 0.36718332262237896 0.22542595019659245
0 0.8247645698497599 0.5910878112712975 0.3112670805986664 0.23066841415465278
0 0.1863874734123751 0.8342070773263432 0.32431420373753267 0.23197903014416782
0 0.6691310295504266 0.8296199213630407 0.6374451590703228 0.23328964613368286
