0 0.17174530362603757 0.12647444298820446 0.31378331148973354 0.2214941022280472
0 0.48274355613805153 0.12385321100917432 0.30449978156400176 0.22935779816513763
0 0.8039536915683705 0.1218872870249017 0.337920489296636 0.2254259501965924
0 0.8967889908256881 0.3584534731323722 0.14853647881170814 0.23197903014416776
0 0.7231869812145041 0.3591087811271298 0.19124071647007418 0.2306684141546527
0 0.5458715596330275 0.3597640891218873 0.15224989078200082 0.22935779816513763
0 0.39455002184359983 0.3597640891218873 0.15039318479685457 0.22935779816513763
0 0.16524683267802534 0.3617300131061599 0.300786369593709 0.2332896461336828
0 0.23115989515072083 0.598951507208388 0.44003931847968547 0.2254259501965923
0 0.5737221494102228 0.5969855832241153 0.2450851900393184 0.2346002621231979
0 0.8401594582787243 0.5956749672346002 0.2803626037570993 0.23722149410222804
0 0.06776976845784184 0.8342070773263434 0.09469200524246395 0.2267365661861075
0 0.1893840104849279 0.8328964613368283 0.14482306684141547 0.23197903014416782
0 0.42054390563564875 0.8342070773263432 0.3063564875491481 0.23197903014416782
0 0.674912625600699 0.8335517693315859 0.2023809523809524 0.23328964613368286
0 0.8745085190039319 0.8315858453473132 0.21166448230668422 0.2293577981651377
