0 0.16491329771146288 0.12844036697247707 0.31491917868064656 0.23853211009174313
0 0.4816959034848944 0.12778505897771952 0.3335534496084955 0.2267365661861075
0 0.8077956447222503 0.1231979030144168 0.3372803037940653 0.235910878112713
0 0.8171127801861747 0.3617300131061599 0.31864603286621646 0.2332896461336828
0 0.49473989313438854 0.36566186107470516 0.32237288705178613 0.22804718217562261
0 0.17888900090734952 0.3669724770642202 0.32796316833014083 0.23066841415465278
0 0.1695718654434251 0.6009174311926606 0.3093288974022919 0.22935779816513757
0 0.48355933057767914 0.597640891218873 0.3372803037940652 0.22542595019659253
0 0.8124542124542126 0.5976408912188729 0.33169002251571056 0.22280471821756223
0 0.18820613637127398 0.837483617300131 0.34287058507241996 0.22542595019659245
0 0.4966033202271734 0.8335517693315859 0.2925580535672278 0.22804718217562253
0 0.8124542124542126 0.8328964613368283 0.34287058507241996 0.2346002621231979
