0 0.1791276391538515 0.127129750982962 0.3394984574538965 0.2280471821756226
0 0.5139368913942964 0.12581913499344693 0.32261731868547067 0.2280471821756226
0 0.8309271638236251 0.1251638269986894 0.3001091336609029 0.23197903014416776
0 0.18006548019654178 0.3610747051114023 0.33012004702699327 0.23197903014416776
0 0.4989314347112513 0.3597640891218873 0.2926064053193804 0.22935779816513763
0 0.8206109123540315 0.3617300131061599 0.3357470932831352 0.2332896461336828
0 0.17537627498309016 0.6002621231979031 0.3207416366000901 0.23328964613368278
0 0.5008071167966319 0.5969855832241153 0.31511459034394806 0.22935779816513752
0 0.8224865944394122 0.5996068152031454 0.3207416366000901 0.23722149410222798
0 0.17162491081232886 0.8289646133682831 0.3319957291123739 0.23460026212319804
0 0.4914287063697287 0.8315858453473132 0.2963577694901416 0.2293577981651377
0 0.8131081840125092 0.8322411533420708 0.3394984574538965 0.23066841415465278
