0 0.15927056028833553 0.12123197903014418 0.29980340760157276 0.23460026212319793
0 0.48249610910878105 0.12057667103538665 0.3354050622542594 0.23328964613368286
0 0.8160274000655308 0.12254259501965924 0.3279099770642202 0.23197903014416776
0 0.1667656454783748 0.3577981651376147 0.3147935779816513 0.23066841415465272
0 0.4787485665137614 0.3591087811271298 0.30917226408912185 0.2306684141546527
0 0.8113429718217562 0.3597640891218873 0.3372788335517694 0.22935779816513763
0 0.1658287598296199 0.5956749672346002 0.3016771788990825 0.23197903014416765
0 0.49842316513761475 0.5950196592398428 0.3597640891218873 0.23066841415465278
0 0.8328913417431193 0.5956749672346003 0.2979296363040629 0.2293577981651377
0 0.18175581585845346 0.8309305373525558 0.33353129095674966 0.23066841415465278
0 0.5031075933813892 0.8322411533420708 0.2941820937090432 0.23066841415465278
0 0.8169642857142857 0.8315858453473132 0.31854112057667094 0.2293577981651377
