0 0.18922438417851262 0.1304062909567497 0.3409785932721712 0.22935779816513763
0 0.6744631515273716 0.12975098296199214 0.6257519239170616 0.2306684141546527
0 0.10866350774607655 0.3636959370904325 0.16861578788184292 0.23460026212319793
0 0.4355907853614275 0.3623853211009175 0.47399771482340286 0.22935779816513763
0 0.8299643781295157 0.3610747051114023 0.2997614006788318 0.22673656618610746
0 0.8299643781295157 0.5956749672346003 0.2997614006788318 0.2293577981651377
0 0.5189619249252275 0.5943643512450852 0.3147494707127734 0.2267365661861075
0 0.18922438417851262 0.5956749672346002 0.329737540746715 0.22673656618610744
0 0.11896780589441139 0.8302752293577982 0.18922438417851262 0.22935779816513757
0 0.38406929461975325 0.8289646133682831 0.3334845582552004 0.2267365661861075
0 0.6576015727391874 0.8302752293577982 0.19859192794972594 0.23197903014416782
0 0.8721183250999763 0.8289646133682831 0.21545350673791033 0.2241153342070774
