0 0.1847546854099934 0.12385321100917432 0.3432498216246578 0.22935779816513763
0 0.4867395011562771 0.12385321100917432 0.25321708152638694 0.22935779816513763
0 0.7981027273294639 0.12581913499344693 0.3657580066492255 0.22542595019659242
0 0.1650600235134967 0.36041939711664484 0.300109133660903 0.23066841415465267
0 0.49518007054048996 0.3591087811271298 0.34137413953927714 0.2306684141546527
0 0.8243622765247929 0.3623853211009175 0.3094875440878063 0.23460026212319793
0 0.20257366522110953 0.5956749672346003 0.3713850529053675 0.2293577981651377
0 0.49142870636972874 0.5937090432503277 0.1988223010503483 0.22804718217562253
0 0.7896621579452511 0.5956749672346002 0.37888778124689004 0.23197903014416765
0 0.1706870697696386 0.826343381389253 0.3151145903439482 0.2267365661861075
0 0.49799359366856094 0.8283093053735255 0.3282443649416127 0.22280471821756237
0 0.8234244354821026 0.8322411533420708 0.30761186200242563 0.23328964613368286
