0 0.14048591770423768 0.12647444298820448 0.25457179718217565 0.22935779816513766
0 0.4638863859764089 0.1251638269986894 0.40354344145915255 0.22935779816513763
0 0.8240583360637834 0.12319790301441678 0.3205718927479249 0.22804718217562253
0 0.19045741863259072 0.3591087811271298 0.3545147990388817 0.2280471821756226
0 0.5657151048492792 0.3577981651376147 0.4035434414591525 0.22542595019659242
0 0.8749726955002185 0.3591087811271298 0.2225146079073832 0.2306684141546527
0 0.13200019113149847 0.5773263433813892 0.23760034403669725 0.1900393184796854
0 0.34791478948230675 0.5779816513761468 0.20177172072957625 0.18610747051114024
0 0.5506293687199652 0.5773263433813892 0.2225146079073832 0.1979030144167759
0 0.8202869020314548 0.5740498034076016 0.31302902468326776 0.19921363040629103
0 0.1800859750436872 0.8119266055045873 0.3300004778287462 0.26867627785058984
0 0.5185721794451726 0.8119266055045873 0.3469719309742246 0.2712975098296199
0 0.8410297892092617 0.8119266055045873 0.29040042048929665 0.26867627785058984
