0 0.16737313007576218 0.12778508602687302 0.30841797728265613 0.23197903014416776
0 0.4917762259720401 0.12385321100917432 0.332865743774574 0.22935779816513763
0 0.8199404761904762 0.12254259501965924 0.3159403669724772 0.22673656618610746
0 0.1767761577107907 0.36238532110091737 0.3347463411970292 0.23197903014416776
0 0.5002389143730887 0.3597640891218873 0.30089558759283525 0.23197903014416774
0 0.8124180865006552 0.35648754914809955 0.315940366972477 0.2254259501965924
0 0.32064186052861515 0.5937090432503277 0.630000136522499 0.22804718217562253
0 0.8086568916557448 0.5937090432503277 0.33098514635211884 0.22804718217562253
0 0.17959705384447353 0.8296199213630407 0.32910454892966357 0.23328964613368286
0 0.5152836937527304 0.8289646133682831 0.3347463411970293 0.23460026212319804
0 0.8331046581476628 0.8289646133682831 0.2971343927479249 0.23460026212319804
