0 0.17865675513324594 0.12778505897771952 0.3422687308868501 0.2267365661861075
0 0.5171642911751856 0.12909567496723462 0.32722395150720834 0.23197903014416776
0 0.8265225671690695 0.12123197903014418 0.29525379532546947 0.23197903014416776
0 0.18900004095674966 0.36304062909567497 0.35543291284403666 0.23591087811271297
0 0.4955374208169506 0.36566186107470516 0.2501194571865444 0.2306684141546527
0 0.7954927096985582 0.3597640891218873 0.3573135102664918 0.22935779816513763
0 0.17865675513324594 0.5969855832241153 0.3347463411970292 0.22935779816513752
0 0.4870747324159021 0.5950196592398428 0.27080602883355176 0.23066841415465278
0 0.8020748006771515 0.5969855832241154 0.34414932830930534 0.22673656618610757
0 0.16925376802096984 0.8296199213630406 0.31970156181738746 0.22804718217562253
0 0.48143294014853644 0.8296199213630406 0.30089558759283536 0.2306684141546526
0 0.8086568916557448 0.8302752293577982 0.33098514635211884 0.2267365661861075
