0 0.17291245529466642 0.1258191349934469 0.3154227206474135 0.2332896461336828
0 0.5006860656059847 0.12778505897771952 0.3249234050042633 0.2267365661861075
0 0.828459675917303 0.12319790301441676 0.31922299439015345 0.24115334207077324
0 0.18146307121583125 0.36238532110091737 0.3439247737179629 0.23197903014416776
0 0.6716983840292812 0.3617300131061599 0.6289453044234571 0.2332896461336828
0 0.16626197624487163 0.5956749672346003 0.3135225837760436 0.2293577981651377
0 0.4949856549918748 0.5930537352555701 0.35152532120344276 0.23460026212319804
0 0.826559539045933 0.5950196592398428 0.31542272064741356 0.23066841415465278
0 0.16626197624487163 0.8309305373525556 0.3097223100333037 0.23853211009174316
0 0.48453490219934 0.8342070773263434 0.31162244690467356 0.23722149410222812
0 0.8142086493820283 0.8309305373525558 0.3515253212034428 0.2411533420707731
