0 0.1824320107413161 0.1258191349934469 0.3234876891495502 0.2306684141546527
0 0.6676635444656415 0.12778505897771952 0.6394524087839947 0.2267365661861075
0 0.3752081045659027 0.3636959370904325 0.7090398767987233 0.23197903014416776
0 0.860439638290228 0.3617300131061599 0.25390022113482147 0.2332896461336828
0 0.19371646501397483 0.5937090432503277 0.3648640214826322 0.23853211009174316
0 0.5303693508149601 0.5963302752293579 0.3046802653617856 0.23328964613368286
0 0.8350496161767458 0.6009174311926606 0.2971572958466798 0.23197903014416774
0 0.2303909414001157 0.8296199213630406 0.4156440657095965 0.22804718217562253
0 0.6112412731023477 0.8328964613368284 0.33101065866465595 0.2267365661861075
0 0.8839489180249336 0.8328964613368284 0.19935869215030422 0.2267365661861075
