0 0.17443843394039987 0.12647444298820446 0.31886595451470945 0.2346002621231979
0 0.4998692757539416 0.1258191349934469 0.3244930007708514 0.23591087811271297
0 0.8253001175674832 0.12123197903014418 0.31136322617318685 0.23197903014416776
0 0.8234244354821026 0.3132372214941022 0.30761186200242563 0.1310615989515072
0 0.18381684436730306 0.31520314547837486 0.33762277536851587 0.1349934469200524
0 0.5092476861808448 0.31389252948885976 0.3094875440878063 0.13237221494102225
0 0.1791276391538515 0.4750982961992136 0.3282443649416127 0.18217562254259506
0 0.5054963220100835 0.47640891218872866 0.32074163660009 0.1795543905635649
0 0.8262379586101736 0.4737876802096986 0.3207416366000902 0.18479685452162514
0 0.18663036749537404 0.6408911918237169 0.3432498216246578 0.13892529488859764
0 0.5111233682662255 0.6408912188728704 0.3019848157462836 0.13892529488859778
0 0.8281136406955543 0.6408912188728704 0.3132389082585675 0.13892529488859778
0 0.17443843394039987 0.8315858453473132 0.31136322617318685 0.2293577981651377
0 0.5008071167966319 0.8322411533420708 0.33762277536851587 0.23066841415465278
0 0.8337406869516961 0.8302752293577982 0.31699027242932887 0.23197903014416782
