0 0.17019406673219745 0.12647444298820446 0.3102985747051114 0.22411533420707733
0 0.4748508491699431 0.12319790301441678 0.28773140563564875 0.22280471821756226
0 0.8001942032546963 0.12450851900393184 0.3479105231542157 0.22804718217562253
0 0.345089627020533 0.3597640891218873 0.656328500436872 0.22935779816513763
0 0.8284031645915246 0.3584534731323722 0.30277618501529047 0.23460026212319784
0 0.18523884611183924 0.5950196592398427 0.33662693861948445 0.22804718217562253
0 0.5058807066404544 0.5943643512450852 0.30089558759283536 0.23197903014416787
0 0.8161792813455656 0.5923984272608126 0.3272239515072083 0.2306684141546527
0 0.16173137833114898 0.8296199213630406 0.2933731979030144 0.2306684141546526
0 0.4889553298383574 0.8283093053735258 0.3648358999563127 0.23591087811271294
0 0.8246419697466142 0.826343381389253 0.31782096439493246 0.22411533420707727
