0 0.18213662620655507 0.12581913499344693 0.3301226349993811 0.2280471821756226
0 0.4610333350853426 0.12581913499344693 0.22008175666625412 0.2280471821756226
0 0.779772430946814 0.12581913499344693 0.4060128959187791 0.2280471821756226
0 0.8812756549265087 0.3623853211009175 0.2030064479593895 0.22935779816513763
0 0.6706801808751794 0.3610747051114023 0.2105954740513294 0.23197903014416776
0 0.4477525394244479 0.36041939711664484 0.23146529580416378 0.23066841415465267
0 0.17170171533013787 0.36041939711664484 0.3130473262925166 0.23066841415465267
0 0.13280795252077449 0.59305373525557 0.2504379182684206 0.22673656618610746
0 0.46103333508534255 0.5950196592398428 0.3984238698268392 0.23066841415465278
0 0.8243579592369603 0.5956749672346003 0.3206363523844564 0.2293577981651377
0 0.8167689331450205 0.8322411533420708 0.33201989152236605 0.22804718217562267
0 0.4942353242375792 0.8309305373525558 0.3130473262925165 0.23066841415465278
0 0.17265034767980234 0.8243774303558271 0.31494459099184546 0.2306684682529595
