0 0.16729330767619 0.1258191349934469 0.30112793939792637 0.2332896461336828
0 0.4814329401485365 0.12450851900393185 0.33458659933102924 0.2306684141546527
0 0.8188077611406577 0.1258191349934469 0.32529252712738954 0.2332896461336828
0 0.18495203685243003 0.3617300131061599 0.33644541377175713 0.23066841415465272
0 0.5009504917761798 0.3623853211009175 0.28439860943137485 0.23460026212319793
0 0.8141607250388379 0.3617300131061599 0.33458659933102936 0.2332896461336828
0 0.19052848017461382 0.6002621231979031 0.3475983004161247 0.23328964613368278
0 0.5130327856409115 0.598951507208388 0.278822166109191 0.23328964613368278
0 0.8197371683610215 0.598951507208388 0.32343371268666177 0.23328964613368278
0 0.1886696657338859 0.8368283093053734 0.33644541377175713 0.22935779816513757
0 0.5074563423187276 0.8381389252948886 0.2899750527535586 0.2293577981651377
0 0.8188077611406577 0.8381389252948886 0.32529252712738954 0.2346002621231979
