0 0.17917212756662296 0.12254259501965924 0.32121013543031884 0.23197903014416776
0 0.5050240279598077 0.12385321100917432 0.31935342944517253 0.22935779816513763
0 0.8234491044124072 0.12254259501965924 0.3137833114897336 0.22935779816513763
0 0.16988859764089123 0.35910878112712974 0.3174967234600262 0.2332896461336828
0 0.44839449541284393 0.35910878112712974 0.2283748361730013 0.2332896461336828
0 0.7696046308431629 0.3577981651376147 0.4140454346876365 0.2332896461336828
0 0.8197356924421143 0.5963302752293578 0.3174967234600261 0.2306684141546526
0 0.5031673219746614 0.5956749672346003 0.31935342944517253 0.2293577981651377
0 0.17824377457404977 0.5950196592398428 0.32306684141546527 0.23066841415465278
0 0.17545871559633028 0.8309305373525558 0.31749672346002616 0.23328964613368286
0 0.48552861511577106 0.8328964613368283 0.29521625163827003 0.2293577981651377
0 0.8076671035386631 0.8315858453473132 0.3453473132372215 0.2293577981651377
