0 0.16037081830004504 0.1251638269986894 0.29448208740476106 0.22411533420707733
0 0.4773610907293738 0.12254259501965924 0.33199572911237396 0.23197903014416776
0 0.8093568198417478 0.12319790301441678 0.32449300077085125 0.2306684141546527
0 0.1706870697696386 0.3597640891218873 0.326368682856232 0.23460026212319793
0 0.4989314347112513 0.3591087811271298 0.326368682856232 0.2306684141546527
0 0.8206109123540315 0.35648754914809966 0.3094875440878063 0.23066841415465267
0 0.8177973892259607 0.5904325032765401 0.3188659545147095 0.22673656618610757
0 0.48955302428434805 0.5937090432503277 0.3301200470269934 0.22804718217562253
0 0.16787354664156762 0.5956749672346003 0.3094875440878062 0.2293577981651377
0 0.1463032026596902 0.8269986893840106 0.2625954919532901 0.22804718217562253
0 0.434220402765619 0.8276539973787681 0.30573617991704505 0.22935779816513757
0 0.7099456693165735 0.8269986893840106 0.2382116248433416 0.22804718217562253
0 0.9031409241107801 0.8256880733944955 0.14442752057430952 0.2306684141546526
